336	2176
2557	2243
2238	1180
1684	2909
899	530
579	2317
2482	2708
1916	419
1614	1363
1361	1115
579	1867
2382	381
906	2338
724	2406
2249	1935
694	1858
2078	2378
103	505
1299	1584
262	242
138	1931
1299	34
1146	1326
2066	2682
670	2329
588	1418
2238	1847
1165	2416
1157	511
579	903
2072	893
66	1037
1361	1618
1948	2069
1684	126
2648	787
579	2114
579	1702
1418	278
2078	2894
590	852
1684	275
768	85
768	2166
2648	865
1630	1400
579	590
1735	1361
2917	2462
1591	1710
103	683
609	175
1366	2044
2739	1071
579	1694
579	326
588	221
590	2595
2078	1063
336	1330
1511	2117
2665	2128
1630	681
1117	65
968	968
2516	2877
579	2328
2881	731
1104	981
579	2118
579	2718
1117	675
579	768
2470	1253
2787	80
1897	605
2904	1968
336	1532
906	544
2482	1892
670	1956
2222	30
2078	719
2078	1101
1897	2667
1511	1653
1076	2479
2516	567
2078	576
1897	1349
2222	1723
1718	2320
2482	1855
579	300
2078	841
1847	1378
2557	1432
2470	458
2249	2693
2263	1587
336	1565
609	2592
1030	1924
2482	2195
160	2665
1718	905
1299	1616
2817	2048
724	1872
2462	1167
2787	1916
579	2319
1735	481
1092	6
579	2391
1867	2164
579	2567
1076	1543
1117	2555
888	1411
1104	86
1580	1185
965	714
1165	1968
66	1497
2482	2405
278	782
1729	1180
2687	116
1867	2519
1886	2515
2238	1362
2539	1632
2222	1948
670	1161
1824	2826
1418	1363
588	2518
965	222
336	1981
888	615
1299	2261
2249	2462
906	1095
336	189
262	174
1092	715
2222	1940
1076	1291
2516	2268
1824	2794
2787	961
138	172
2222	1660
2665	2325
1630	2712
609	1485
1179	612
579	1563
2568	2028
484	1180
66	1432
2383	1414
2482	791
1896	1127
2078	1478
1146	2478
588	802
897	2877
1179	2585
703	637
2238	2859
1092	677
1718	722
2648	268
483	2382
2687	343
2470	724
1437	1827
2295	1303
2078	1254
2516	1476
2295	746
579	728
2482	1234
588	395
1615	2886
138	2006
1366	235
336	2375
336	736
1886	143
588	2774
906	1398
292	653
588	2809
2383	1244
579	2751
278	2699
1104	2331
1684	1179
1591	1026
2238	1079
1218	428
2295	2428
2416	1771
2416	405
2072	1105
2222	322
1511	932
2925	405
1076	1132
167	2045
1718	2762
579	822
1729	1476
2648	1155
1076	73
579	2793
2925	2721
579	2187
2904	1060
2516	195
2921	511
2482	21
66	2257
1591	2681
2581	2624
1299	761
1418	728
968	1910
1361	958
1366	2091
1684	845
2382	650
588	1154
1361	842
768	2464
1615	443
2648	2748
1437	1573
138	2547
772	437
1418	1594
1630	725
2482	150
1858	906
2382	2060
2787	92
1076	912
1218	2299
1729	579
2881	186
579	906
536	777
579	1763
579	19
262	2675
848	1975
1615	467
387	307
579	972
724	458
1076	1352
590	726
579	1962
2222	1178
2078	2182
1181	952
968	2652
2078	1441
1366	1753
2787	2199
1117	2639
2648	2698
2787	1053
1630	1896
2391	1265
1684	832
2078	1667
387	820
968	2932
2904	801
1030	44
670	1219
1630	1411
2249	1002
2482	2034
2516	123
1366	2731
2249	407
2249	1288
2482	1876
2787	651
2648	1659
1165	112
2925	2089
1092	1870
138	1484
1718	1574
1896	2921
1437	1867
2222	51
1735	919
2078	2573
344	2865
2238	1616
2648	1485
1150	1595
336	1677
2904	2893
336	737
2699	278
2482	610
579	2551
2686	2839
1867	2224
694	241
1030	2345
2734	1607
588	103
1030	1909
2072	2360
1684	1651
1146	1819
2482	139
2500	1275
579	1475
2470	256
1684	781
1390	1340
694	1056
2539	720
1630	2048
1299	1915
1366	285
2687	876
906	1675
588	1420
588	1695
1366	2726
1729	25
2078	2176
2557	2253
848	151
1718	2125
1572	1469
1684	2418
848	1146
2462	235
1630	2153
2219	952
1299	2324
1437	2911
2072	72
292	1632
1117	1432
1146	2238
2516	2596
1575	2311
835	459
1418	1990
167	1355
2787	2581
2382	895
2787	2446
2731	1802
2219	492
2416	2236
2649	2467
2382	2327
336	2617
2382	2164
1157	262
1030	2683
1366	411
1540	1656
1824	1166
1615	1036
2817	1750
2482	2329
588	1906
2563	2500
1104	2866
2194	2462
2482	413
947	1244
579	1909
1146	768
588	1412
2904	1954
1718	2660
2904	367
1146	1347
1645	1102
1718	2580
2072	1633
579	1437
2681	1093
1361	1160
1824	287
1299	2050
336	1357
2649	2834
1735	1873
1810	1754
1591	1810
336	2170
579	2781
2397	2516
2194	2555
336	1653
2470	1886
2231	1606
2222	2665
888	90
66	2739
1630	1665
579	2740
1867	2180
404	602
1146	153
1718	641
2648	779
138	187
2382	1299
588	1045
579	138
1165	1540
2382	1129
1299	554
1076	609
1348	786
579	2203
167	1968
1361	577
2482	122
2731	2141
2263	1122
1299	2411
278	2274
2683	2699
1824	1470
1718	2837
336	2050
1104	579
609	989
2516	381
1361	622
1030	1186
2078	584
2177	75
1366	941
2787	1433
2687	465
2249	2878
1437	2464
2563	2681
1324	737
2194	2194
1824	1530
247	1922
344	905
1832	2366
906	1130
2904	2029
2648	2729
2557	2449
2382	1532
1735	1253
167	170
579	2722
167	1446
1867	2182
336	2307
1572	1656
1729	1402
1645	2717
762	505
1824	1773
336	606
1572	702
588	2176
484	469
1030	816
2787	2920
703	2491
138	1096
1117	743
1165	700
2382	595
1735	1027
387	2927
1030	608
2382	1267
2539	1718
703	2715
66	298
2383	1161
2078	2569
1847	693
835	1750
724	547
2648	2786
2382	1601
2482	2619
2382	1976
2263	2012
2648	525
336	847
590	2760
2295	690
724	429
2539	2007
965	1810
2791	1936
2687	2129
968	2877
1090	492
1630	540
1437	2470
1437	2064
2865	175
1615	1919
66	2462
694	1366
1092	612
1437	2565
906	474
1437	2234
2222	559
1718	2774
2699	2903
670	208
336	1366
2078	1030
387	955
1146	2218
2382	2245
579	2026
336	2316
2416	53
1684	1121
336	1235
906	1260
1418	2865
2482	954
138	1620
167	239
2787	855
2904	1438
66	2793
1684	839
2482	2813
2731	1750
1299	180
138	2026
2482	824
1165	1685
588	1926
1030	2723
1092	941
2238	2378
1150	2934
2648	594
66	129
897	1787
1117	90
588	1430
579	2743
835	1146
2516	848
579	209
1076	1166
1684	2567
588	1490
1572	1022
2382	1462
2739	2155
579	1422
2516	724
897	1392
2904	1782
336	341
588	1809
906	716
483	1511
1437	2053
2222	41
579	2210
1366	331
579	2738
1200	2801
1720	553
1418	782
1897	1585
848	2521
1030	505
1146	1717
1299	452
588	2524
2222	859
1684	639
588	1612
1146	2726
848	2923
762	1168
2464	2238
2539	145
2238	2164
2382	1143
1299	898
703	2105
2925	2416
1437	2645
2295	405
588	2373
1630	979
1437	843
588	1648
2382	546
1361	2247
387	2713
1916	2787
2904	611
579	2489
1179	1030
1146	653
2194	947
1179	409
579	1017
1437	1180
1299	2237
278	827
2516	704
848	1841
2925	2904
1165	9
2581	2736
2382	1351
2222	2128
2470	1364
588	984
2904	2099
1437	2693
897	25
2382	548
2078	2699
1146	2539
579	2011
167	255
724	1366
2881	2168
2904	2167
2416	2881
2382	268
2563	1886
2516	1729
2238	2726
2665	1723
2222	2222
906	1990
336	1861
1418	1871
1179	2605
2416	1728
2382	1258
2238	2207
2648	1043
2462	1886
579	1171
2382	1051
1299	2121
2382	1734
703	1466
579	1004
336	1769
1572	705
2462	2680
2194	148
1684	1470
167	146
2739	888
336	2062
1437	2608
2649	543
579	2120
2222	1572
2787	943
1684	206
2295	1888
1916	2887
1030	1016
536	1278
2078	1450
2249	402
160	2069
1324	66
1630	1640
66	1445
1361	688
590	2119
835	2092
2464	623
484	599
965	683
1552	844
1092	336
2648	2888
2072	2300
2516	2078
138	885
2416	1949
1179	1600
2295	2347
1366	2539
1832	1550
2482	1607
1165	1295
2557	2141
2791	1097
2500	116
965	2681
670	2740
1948	334
1030	588
2222	846
2739	616
1076	2130
1146	1269
2382	336
247	1806
138	156
2222	1169
1630	2383
2295	1109
965	771
1361	2058
336	1025
2500	2596
1729	599
2249	1599
2188	2633
588	1564
247	1849
295	848
1092	1309
1729	1867
2222	1547
888	2242
167	87
2482	726
590	1209
1030	160
1127	2462
1630	1319
1824	677
1437	2078
1179	636
1299	2746
296	1590
579	566
2078	309
1437	175
138	487
1092	2382
1718	2171
2917	918
247	2530
2787	868
579	748
2865	609
247	638
1684	630
336	2420
2072	2148
1030	2125
1104	1065
579	3
1718	347
1030	2464
1630	13
897	2220
1437	2238
1366	1890
1896	2680
2904	29
138	106
968	2707
2500	459
888	1763
1299	1671
484	2238
1867	2553
2557	2534
247	136
1591	2648
1076	600
1867	1678
2648	2466
2539	1253
1684	354
2734	1542
262	1211
906	678
2881	334
588	1775
1630	2749
2500	2153
511	459
336	1259
2739	615
484	2009
1514	509
160	956
1076	151
2194	833
1437	2249
848	1824
2482	1362
1361	212
66	1290
2904	1325
307	1870
66	2500
1076	2382
609	1266
247	1934
2721	2471
1437	1553
2881	1572
1366	1474
1076	5
588	1943
2194	899
579	2464
1075	1270
2904	1940
1615	2315
906	1249
762	2798
278	2464
588	2887
1076	1179
579	2463
579	1593
2249	2566
1615	2273
1867	441
2078	1427
2382	1822
2382	2794
1366	1104
2539	1508
2382	326
1030	691
1076	295
588	1406
2482	325
609	1179
1718	464
2516	2608
2649	279
1366	1047
1645	2072
694	2011
588	2222
609	1059
906	70
1615	404
1324	354
1684	1041
2482	182
1630	1853
2648	2900
1165	1621
579	1318
1824	1299
762	1378
1514	2500
1718	2914
2222	875
2222	165
2249	492
1540	831
1897	2581
2904	2750
1092	62
1684	1697
2649	2365
2482	1487
588	1040
897	807
2295	2224
2904	759
2470	2194
1630	2664
2231	1797
1299	2233
906	1835
2382	2290
965	1124
1684	1705
579	1805
2462	307
1684	280
888	1137
1824	336
968	2496
2382	2635
2904	1942
1684	1664
1299	1000
848	2759
2648	1376
2391	537
1718	1437
2462	2194
1437	2457
1076	2538
888	2756
1092	2354
2904	1245
484	2856
1075	223
387	1511
2295	258
1916	1165
387	20
1299	1786
609	1221
1299	1290
2295	2229
1824	1077
670	2904
2865	661
579	2670
2734	918
484	2263
579	953
1824	563
906	1611
2194	1886
1366	2473
588	76
2865	1707
1299	2879
588	1583
1684	151
1104	1976
1824	2857
1718	1859
2513	2085
2581	1246
1146	1805
906	2546
2787	2351
2416	2168
2500	1893
703	2047
336	1802
247	667
1361	1027
121	299
888	2153
579	1788
1076	342
262	2906
2263	2555
2078	1703
2881	474
2482	950
1146	2378
888	1290
1182	1182
336	2538
2482	135
2238	2466
1366	1180
167	4
2687	2768
1150	615
387	2681
336	1299
2699	1363
2078	1990
2482	2085
888	2915
2382	1720
888	1652
1092	341
2625	906
2482	2429
336	1179
579	506
1324	1606
2649	1826
2295	990
1684	131
2865	2160
1780	2238
1146	2078
1437	2477
2482	1698
2665	1948
2731	345
247	272
835	2817
167	1885
1916	87
579	2289
1684	438
1729	411
2904	1448
1718	2445
1418	2896
919	1957
2078	1104
2721	1238
336	316
2295	595
1684	54
336	1984
2072	1962
247	2341
1645	2660
590	298
2865	2826
2194	187
336	2120
2295	253
1299	895
670	588
2177	956
1179	905
579	2804
1030	2707
588	2610
588	15
670	2023
387	1719
2787	2736
66	171
1076	586
897	2334
1824	2600
588	313
2500	287
579	2363
1630	426
2721	2441
336	565
1030	2699
2078	2464
590	1445
336	2853
2917	103
1030	2419
2739	90
2568	2520
2078	33
2787	1295
579	1104
336	2200
1146	599
2648	2933
2222	1916
968	1887
1030	1899
2739	2709
66	934
2739	2790
2382	1664
609	769
1418	1890
1075	2477
2516	524
2648	1222
1910	865
1437	2022
336	2073
2787	698
2078	628
1179	341
2416	1245
968	1162
336	1601
2482	2172
2649	938
579	1435
609	1612
1366	2238
2295	806
1366	2829
590	1517
2687	420
579	736
1030	2845
588	350
2557	494
1117	2922
906	2872
1437	1810
1572	1999
103	217
2482	1982
2648	2346
336	1440
1615	2438
387	2803
1824	1801
588	1646
2238	434
336	1879
2787	629
703	374
2648	39
897	2686
1366	815
906	357
1824	1475
1780	1366
1684	692
1299	2313
2382	2694
2687	1257
2516	2470
1366	1465
579	2918
968	771
2648	1059
1092	1352
1684	2668
670	2425
66	2708
336	287
66	1275
2416	2325
2482	1901
1886	1147
2557	2606
1684	1997
1718	1510
906	2094
1437	2076
888	2739
278	2125
968	1200
906	2083
579	1635
579	1198
336	1000
1361	1220
2881	2089
2881	108
2482	738
1361	481
2078	583
588	175
1630	927
1299	2840
1684	120
138	2122
762	2362
579	2637
2500	1428
138	298
2078	848
2078	357
906	2414
579	1257
247	794
588	91
1511	1390
670	2925
1179	1733
336	6
2295	788
1437	724
1591	1127
2516	1659
762	1189
336	137
1130	337
590	2001
138	2702
2500	1631
247	381
2516	2319
1076	398
2222	2225
292	952
1104	2385
2249	2470
1824	1845
848	137
160	1968
579	1236
694	599
1179	1779
1366	2041
387	326
2222	251
1150	724
2382	666
2881	2076
1810	588
336	2270
670	956
1299	2277
2648	1374
483	1705
1418	2107
167	773
2238	2431
2078	623
590	1523
1948	2284
703	1500
579	2763
588	1796
2500	542
588	2376
1104	2457
2787	1448
1630	2025
588	712
160	2366
336	180
1810	643
588	448
2222	1165
2482	626
1361	2633
2078	2370
588	1146
609	1190
167	2825
1540	2887
579	885
1092	2826
2238	768
2648	201
344	28
2295	95
1299	2047
762	412
1511	567
703	2922
1615	2302
588	1859
1718	2587
2219	2470
2482	796
762	2091
1117	670
336	1351
609	1166
2466	2767
2470	2462
1916	966
670	293
2295	422
1735	2837
588	985
2238	166
1104	35
2238	2219
1572	2665
2516	525
2482	2033
579	2555
844	998
2177	9
2516	2464
1361	2801
2382	434
579	2912
703	2674
1824	600
906	399
2295	308
588	1574
1684	2354
888	2702
2188	938
2581	2248
247	2852
1729	653
484	31
2383	1264
2078	1503
2516	1818
2194	2500
1361	390
160	1940
835	1183
2500	741
2904	160
336	290
2699	1437
2383	2761
484	2731
1361	1235
1684	1476
2921	431
138	797
66	2712
1299	372
1361	1322
1824	768
897	1959
1718	161
2791	1664
1092	1299
2500	1218
1092	1805
66	2361
2416	1656
1030	425
2648	781
1718	2440
2238	2249
2516	1076
1615	481
1780	1475
1729	1146
1684	992
579	1643
167	493
2231	2490
66	1971
1030	2811
2904	2280
160	2741
2681	1591
1366	1718
138	2059
1076	1221
2482	1665
2188	2649
1390	2376
2791	1612
2222	1448
1076	2550
1824	1008
2249	355
1366	906
2648	651
2238	1867
2648	2733
2382	2840
66	2039
1366	2464
1363	433
2295	848
588	152
1832	2925
2263	42
1552	2475
1437	195
1437	2189
1366	2201
579	1029
609	1936
609	2430
1117	888
336	2367
2648	387
1092	2559
2078	2678
2731	2092
1630	214
2904	2225
590	1213
906	88
1824	1822
670	1916
1366	2324
2644	2848
724	1008
2648	2689
1729	292
1076	2679
899	1452
1366	2917
762	2728
336	2221
336	1092
1684	2223
579	224
160	1869
2539	262
1630	1719
103	1886
536	1607
2462	2500
2194	707
2382	718
2482	2465
768	429
588	1149
1630	141
336	2613
66	98
1572	97
1824	595
579	2572
2734	547
835	925
1179	2565
387	1150
579	150
1896	615
2500	1599
1092	483
2382	900
2466	1122
2482	2703
2482	2873
2072	1327
2382	1824
609	1600
579	1520
278	200
670	747
1810	683
588	462
2078	774
1146	1280
1824	2384
484	1606
138	1411
835	2115
2648	1502
2382	981
262	1142
2817	2650
768	1711
1514	2565
1299	151
848	1822
1179	1543
167	2836
906	1605
588	2719
2865	344
579	2584
336	2635
2177	1295
2194	2749
2917	676
2557	2331
579	2653
2222	1579
1948	2615
336	1634
2648	955
2382	554
2791	2027
2881	1492
579	1259
1104	2118
1181	323
1366	922
2904	27
2462	932
2881	1204
2566	2434
336	34
2078	579
579	2257
1299	2221
2382	2550
1630	116
66	532
2648	1834
2516	469
2482	1424
670	670
1076	495
1824	2060
262	877
66	917
2557	1285
336	1720
2238	1290
2787	1522
670	2373
2516	1253
1437	1340
579	954
1718	344
1867	492
968	2484
2078	269
1437	1833
906	1366
167	603
1684	331
579	694
906	1197
247	1562
588	1507
2787	97
1179	1092
1104	79
968	612
1718	1779
1630	693
579	2291
2462	2801
1363	825
1418	815
1684	2562
579	1783
1824	369
2238	2464
1824	609
1366	1976
1361	2492
2787	2629
167	883
579	2771
2687	2331
1092	268
1514	1424
1886	2680
2925	1355
2078	2468
906	1215
1630	298
2078	1890
1075	1350
588	1230
1299	2126
968	496
703	963
2177	1022
483	2264
579	710
1299	2316
278	2556
1076	2305
579	474
906	2810
1418	2464
897	2093
1511	2550
2865	2066
1630	1578
2865	2457
387	932
2482	2387
1299	2916
1361	1960
2382	290
1824	2382
2078	130
670	219
1076	2384
387	182
2649	2886
1437	1612
1437	2623
848	2635
2739	1717
2072	1003
968	1612
1780	287
1361	407
1030	2600
848	2694
1418	961
1729	704
694	890
336	2567
2557	1519
2462	2238
579	687
2382	671
1718	588
1117	1475
2791	1924
2222	1325
579	501
1718	76
2648	2043
2557	1957
1218	2500
2238	542
2734	2563
2295	2386
1299	1179
579	2765
2382	2923
1361	1145
1076	1966
2817	1443
1117	2754
1684	2832
1299	2250
336	554
1299	553
1867	507
2482	2584
1824	2250
1146	469
2648	1793
2648	2565
1030	433
2482	2482
1366	474
703	1878
1437	85
835	2680
2249	2219
897	574
66	2311
2382	2260
2500	509
588	2484
579	1890
579	348
2787	2787
336	429
2382	2889
897	1756
1104	2103
1684	1830
848	1179
588	259
1729	1090
1824	516
2078	2282
2462	2861
588	382
296	520
1361	2932
906	1465
1718	152
897	1767
1165	2665
1552	1499
160	486
262	1946
1684	578
2516	331
1299	1277
344	2066
1076	1568
2238	694
2539	2856
2238	1126
2382	341
1718	230
579	2327
336	1488
1076	387
1630	995
336	1609
160	2259
2382	1444
762	2015
588	28
2249	1146
588	2214
1437	2176
2466	2466
2925	731
2249	1050
1117	1635
888	1199
336	2822
336	1115
2249	1785
1150	1313
609	1253
670	160
278	132
579	2829
1165	1916
1886	792
160	1099
2078	1411
2500	1630
1718	1418
1572	931
1437	2725
1092	2622
2787	239
1075	652
336	1008
1179	1327
906	1495
2687	1593
2482	1964
579	1180
2482	1208
387	387
2904	977
1867	2078
694	1890
2011	33
965	1661
2500	224
1146	1810
2295	851
2382	365
1299	1870
2500	194
1630	1532
1076	2865
2382	2777
906	1146
1684	2690
2482	840
1157	1711
835	2287
670	2919
138	1783
899	822
1735	659
387	1290
1886	1286
881	1387
1514	2106
579	663
579	1261
2382	1369
2078	1983
1897	991
1718	2805
579	2699
1615	188
2791	2726
2734	1117
1299	928
2249	387
1615	2649
2739	670
1511	1935
1092	1369
387	379
1418	668
2739	2150
2699	569
1437	2516
256	1596
1948	160
1361	2281
66	2555
336	1475
1615	2641
2470	2219
278	319
579	1402
1361	920
1146	2877
387	2648
1076	581
579	1304
590	1624
2072	2273
2078	2306
2382	2117
2078	907
2881	1517
1117	1847
2881	1723
2699	55
609	2550
2648	1496
66	318
2382	1627
387	1759
2078	1569
906	1890
2904	1545
2516	1146
536	1853
579	91
2219	2934
1146	1495
1897	2226
2734	144
167	1053
2222	9
2470	1146
2382	1603
2648	586
1076	955
579	2687
1867	2514
1146	2234
1867	1945
2482	2700
1076	2295
2072	689
2739	765
2249	42
2557	2808
1810	2648
1366	1179
336	1352
336	2327
2078	1888
848	1076
2482	1850
1366	2462
1735	1799
2249	1724
2482	2753
336	1664
1104	1104
670	2887
336	999
2648	83
167	523
483	1043
1076	2250
670	1662
588	771
2249	511
138	970
2177	1130
1735	2649
1418	691
848	912
2416	1549
2249	724
2194	2888
579	592
694	2450
1092	173
1179	2354
2791	2464
2787	2184
1718	1006
897	490
1684	2055
336	2411
1030	478
1146	1343
1366	2879
2470	899
1092	1705
2648	683
2687	2327
1030	278
1630	90
2382	636
2462	2563
2462	2607
2177	2925
2078	2235
1366	1090
1645	1972
1117	2619
609	315
138	2396
2516	262
1361	1031
2881	30
694	445
579	343
2382	581
336	2181
906	2821
2416	1517
2516	184
2238	2238
906	2164
899	2195
1268	724
888	803
138	1631
1572	2222
2904	2128
1729	425
897	1686
2516	357
1117	1044
2648	118
1361	404
1092	1543
1847	1893
703	558
1514	1386
2078	662
588	231
1076	941
906	2625
1179	2564
2382	1485
579	2378
897	331
579	2032
2516	1200
1437	2333
1361	896
579	2842
2865	848
1361	2742
2249	2257
2516	2577
2644	2362
2482	1080
579	135
2739	2555
262	1865
906	1994
2539	429
2904	758
336	2262
2648	2759
2295	1889
307	2840
762	2672
66	2732
1104	1624
1299	1391
1299	2016
2382	688
2078	2011
588	1673
2222	2676
588	252
906	1740
579	1080
247	601
1366	1700
2382	2384
2222	2095
336	687
694	1019
1150	1035
2648	307
835	2341
762	2071
579	2381
167	167
1511	326
588	827
888	158
968	2680
247	1067
2462	803
1615	128
2462	1339
1117	2292
1684	2877
1684	2616
2921	1896
2	2215
1390	1810
536	1606
1366	2481
897	790
2295	631
2416	2161
292	2007
483	387
1810	42
848	2865
2249	1848
2787	1103
1684	63
2665	1022
768	1231
336	1444
1437	1366
2648	492
404	1910
387	61
694	1203
138	139
579	1777
2904	1229
2222	2426
1684	848
1948	2723
1092	1720
588	2844
2249	1347
1299	1712
579	90
103	1414
1361	1633
1104	1366
888	2025
1299	737
1165	683
2249	1831
1299	1444
588	1006
2238	1390
1361	913
66	1111
906	784
906	1516
1684	1653
1437	608
897	120
1299	2931
1299	1073
387	2488
579	2239
588	1340
1684	1519
1824	554
2482	2407
2787	1929
1418	1718
1824	1092
1615	1708
1146	1785
1987	2143
1540	1165
2648	1525
2482	2456
2563	2555
336	863
762	1990
1179	1705
1511	1290
1092	1495
336	1291
2557	2326
2516	544
2500	1983
1824	2120
2222	956
1514	2677
703	2551
1824	2290
2539	2041
2516	412
1299	565
336	941
2791	175
2222	169
2648	2827
588	2600
670	883
1299	314
2382	2143
588	871
579	2113
588	1974
2699	2308
1615	1862
1630	1219
1896	431
2382	1816
1299	1860
1858	474
1157	1539
1684	1076
2482	2867
588	433
2482	926
2721	2394
336	2619
835	1062
609	1338
2482	2761
2397	190
899	1091
2222	329
579	1323
336	630
762	1647
1181	2731
724	2803
2482	57
138	1463
2382	250
906	1009
1575	1005
2078	812
2904	38
160	1656
2238	1987
579	901
588	1410
1645	680
336	2047
167	974
1366	599
1366	1146
906	1090
1572	2173
897	1823
336	2494
1718	867
387	965
2470	573
906	1088
579	1888
1092	290
1684	2745
1218	2763
2222	1582
1117	102
2482	2732
2734	2217
2482	2543
1575	224
2482	2738
336	307
848	44
1299	1664
1366	571
897	2565
579	1366
2687	862
247	107
2865	2670
2881	165
1076	2486
579	55
2416	1022
1916	405
588	1674
511	2934
1948	412
670	1979
2516	1019
2904	1099
2648	1291
1361	1436
968	1016
1179	914
2482	2228
138	2479
336	1975
897	776
1146	2375
1684	1531
1157	1508
588	2695
2194	1182
1390	2238
968	2914
2687	1717
1299	1487
2078	1639
579	1364
2078	448
1630	1904
579	560
138	2596
2382	202
1684	2232
2462	2470
336	1505
2462	590
1630	1214
579	1254
848	1366
2462	2349
888	1117
1104	1890
897	2252
2222	1577
579	1115
278	2178
1092	1822
1630	1593
1630	1851
1418	976
590	1111
2416	2665
2382	1713
1076	2791
167	2887
2382	1526
1824	2651
1127	2357
844	1282
2648	2185
2382	2270
1117	2425
579	240
2731	1151
2563	1136
588	988
848	1253
1418	1790
1886	1264
897	1691
2648	2222
906	1382
1117	2859
1076	336
2222	101
167	1394
160	1638
1437	2268
1075	2055
1630	982
2482	1552
2917	2680
1916	1670
1299	2420
1390	387
2078	2444
1540	419
1179	1845
1104	1444
1718	2132
2699	319
1948	1867
336	2510
888	2391
1615	1361
1146	1778
579	1452
1366	751
1366	355
2516	1867
588	968
2516	1343
2382	2713
1437	524
694	1437
336	1779
1824	1352
579	2516
2416	2758
897	2098
256	1757
1916	1540
2787	614
2734	2910
899	2299
768	810
2881	2665
670	750
524	1718
1684	756
1366	79
703	960
1117	2734
160	49
2382	1347
1729	153
262	237
1630	2656
1867	768
2566	2566
968	1573
2734	1264
2482	2501
138	910
1824	2367
2078	1663
1511	1485
899	1371
919	2583
2817	2731
670	1772
899	2738
579	1025
2500	2194
579	22
2222	2373
2482	864
579	1177
1361	1927
387	1444
2904	2836
2581	1585
2500	648
1165	2191
2904	1089
906	694
336	1687
897	2165
1146	1366
2382	1290
1179	978
1361	1404
2581	2795
484	2572
1824	1860
2382	736
189	1474
387	2840
888	2760
2817	1644
387	2335
588	1793
1030	1363
1366	2287
670	2673
2865	2694
588	2440
724	2542
138	2820
762	576
1030	609
579	2880
588	930
2563	1240
835	2588
579	416
2557	718
2382	1653
1104	914
2249	2238
968	815
1179	1676
1092	675
1361	1637
2078	2578
1299	606
2648	133
2078	469
1810	1805
2648	1328
2222	1859
66	681
278	588
278	33
579	469
1645	1914
1718	1476
2391	2227
2295	466
968	1104
1104	2807
2581	1457
2881	2259
1437	469
2222	178
2222	7
336	2876
1824	1076
1361	2420
579	797
1299	2143
1886	1793
1735	467
2739	2058
1886	531
483	1797
1366	838
724	760
588	670
1437	653
2222	2758
2539	1146
2568	291
2516	2333
844	2805
2539	1641
292	1726
2482	858
968	1936
1030	1867
835	2856
2482	2868
2382	2932
1146	425
1361	612
2557	420
336	1202
888	1840
336	1915
579	729
2295	2147
579	1239
1867	911
2721	940
1179	1166
1146	91
2739	1330
247	892
1030	15
1182	2462
2462	511
2904	2913
2539	1016
1366	1402
906	1030
2881	2476
1361	396
968	2123
906	1858
2078	2686
906	2378
1718	524
138	1405
1684	157
336	1711
292	1476
2249	796
2470	2141
1104	2163
2222	1295
1867	215
2464	768
247	2907
1146	215
2222	1161
1348	1988
292	331
247	957
1630	1235
2817	509
835	1737
2516	843
703	11
579	2807
138	929
588	695
579	522
2787	477
138	1683
1718	31
1718	190
2881	1721
2644	2379
888	127
2865	838
1299	1808
2462	899
2581	2139
2462	2082
2295	1955
2787	2409
138	491
2416	831
2644	1753
2516	2687
336	1301
1514	1496
1179	1143
1299	1525
1630	1199
1390	326
609	912
2194	1098
1572	2887
1630	354
968	1340
1718	2276
2382	1126
2249	2708
336	1543
1591	1961
2596	2596
167	472
1630	1117
2921	1640
336	1369
2539	2384
2249	465
1165	2925
1418	860
588	1365
588	735
1645	2506
609	2826
66	2079
2222	1869
1361	1615
1030	1890
708	2714
590	1275
906	1203
1572	2673
167	1782
2648	1329
588	1159
906	2923
579	2830
66	2552
2665	2881
2397	1311
2649	2322
1117	1117
2482	1684
694	1867
2904	1951
2904	2169
2078	1262
694	1337
1299	718
1437	371
1437	848
2648	73
2817	468
2222	1956
1729	331
138	305
2078	1664
609	2794
906	1251
256	2802
968	2844
336	1851
2238	730
66	100
835	2462
2295	2283
1824	636
579	1372
1117	803
919	1317
2739	2756
579	1307
2734	1985
2787	384
1366	2218
1165	1130
1361	1799
1896	2367
2734	2542
336	1870
2881	322
1092	1877
2648	2479
579	1535
1165	2528
1076	189
2382	2170
1092	285
579	860
2078	2901
2813	1223
670	65
742	1852
906	2493
167	1049
2382	2781
2731	1571
579	1990
579	2000
2383	538
1916	2325
2238	2078
579	892
888	1330
579	2264
590	271
2787	2388
2078	2854
292	1146
1514	1494
336	2269
2072	1397
2383	2383
590	2150
2416	2671
906	152
1630	1227
1630	2194
2470	833
588	1081
2739	1844
1092	781
579	2047
138	176
579	2768
1718	1654
835	386
247	517
848	2550
579	753
2482	625
1146	2312
2904	324
1146	1155
404	2247
762	534
1299	1882
1299	2617
588	344
336	74
588	905
1030	2340
2867	711
670	2191
326	1681
579	1219
968	1253
2482	2079
167	1333
1030	782
1150	387
906	1156
1076	56
1076	1824
2787	997
588	1573
1076	1078
2625	1858
888	1364
906	906
2539	2686
2470	953
1030	1331
2295	1571
1299	699
1117	2275
1030	2178
2382	91
160	2549
2791	2176
670	1905
2222	2089
336	185
2513	1561
2382	1606
1630	2242
897	764
2078	1714
670	1169
590	1117
588	569
387	2117
1030	1506
670	1419
1075	1825
1630	2760
404	920
2644	1639
2904	887
694	2338
906	2686
2382	876
278	2845
1104	561
1718	1974
2516	2238
579	2075
1718	2435
336	671
1117	2141
2500	2752
2382	1069
1179	31
336	2800
2072	1054
2295	1996
2787	2135
1948	1465
2416	705
2462	1432
387	1281
1437	1785
1437	1030
694	2866
2739	590
484	2249
2539	1610
256	77
588	233
1299	2170
609	1132
387	1076
2222	2673
848	2295
2516	79
484	2464
2904	2422
2295	1467
1437	1347
262	2461
2787	2737
1824	2170
2904	2190
888	391
2382	6
2249	1083
1437	460
588	1799
897	2517
138	2330
1366	728
579	1126
1511	187
1916	1295
1030	1030
1076	2196
2681	965
2382	201
579	1819
336	2775
1299	671
292	807
160	405
2470	1506
1824	2724
2416	1682
1810	1659
2484	1253
670	2734
336	2638
247	969
1684	2819
2072	228
160	2416
835	1571
1104	1437
2295	42
609	1805
2687	1662
1299	2620
2177	2721
1824	1923
278	425
160	846
2416	1007
579	164
1511	1543
762	1753
1030	2107
2238	2312
2295	1269
247	948
1117	2332
2787	1770
1511	1882
2516	1336
1867	79
848	636
588	2707
138	2472
579	862
2787	389
2295	2663
160	869
1630	418
1179	2340
2382	137
609	1064
2817	2249
2904	2860
1948	1472
2177	1540
2791	1253
1092	175
762	104
848	554
2295	2856
2904	1165
336	2238
1366	579
2078	2516
588	2580
2649	612
1366	810
2011	2683
1104	2378
1165	1355
2222	1442
579	733
2078	2847
670	1634
2500	2702
588	1094
2648	1290
1146	1253
888	2361
906	1305
588	1581
1572	2393
1684	2882
167	853
579	1417
1718	1366
2219	224
1514	1982
1684	2666
2078	236
897	2108
336	810
1165	1752
579	637
1718	1695
1366	361
1572	2192
336	1200
1575	1608
1684	2550
1092	2611
906	890
2382	533
1117	1364
2462	2458
1363	319
2539	407
2433	1158
2382	514
588	1228
483	615
1630	562
897	1791
2904	2887
1146	914
579	2613
2904	2512
906	630
1218	2525
2072	1551
2382	630
2925	1165
1179	1076
2500	1227
387	1043
1572	2254
1684	2565
1076	2800
336	699
579	2380
2222	2191
2921	2249
1092	753
1146	1571
1540	1022
336	2781
2072	1322
2295	1143
609	2816
2513	20
2078	1619
897	980
1948	994
1737	179
2739	2405
703	2162
579	579
1092	1664
2238	459
1117	1717
590	1324
1735	545
2539	748
1092	699
2462	810
2188	2158
2482	522
484	24
2482	2921
1299	1115
1886	455
579	1083
1729	79
579	2195
579	356
2581	2007
138	1731
579	94
1092	2694
2194	924
670	556
336	2049
888	1630
906	955
590	2773
1630	2208
2648	1390
336	2314
336	1296
1437	1398
588	2780
2881	2627
1511	2264
2382	287
1366	2009
968	827
579	1187
2416	2259
579	1227
1867	1858
1684	1892
2516	31
2078	2403
590	2879
1076	1705
336	2625
968	359
1684	273
336	581
1299	189
2462	947
968	998
1645	524
1361	1025
1684	1367
2516	2693
2687	2287
2904	1139
588	1297
1684	804
336	1662
2881	2416
588	478
2416	1925
326	326
1165	1049
888	1227
588	2134
1948	2887
1092	565
1615	1185
2665	2887
899	1080
2482	1941
588	199
1540	160
1684	1057
1117	2035
2731	627
2382	1256
2078	2610
1540	1880
1030	1646
2648	2769
968	2072
2648	820
1824	941
968	2340
1437	870
2904	2549
2382	416
1030	1536
1832	482
1179	336
588	2896
344	2794
1165	1053
484	1185
1886	459
2382	1032
1299	884
1511	826
547	2311
138	1329
1076	1684
1104	1476
1324	2548
2078	267
579	317
2482	1244
336	2382
336	2731
2382	1851
1146	459
609	2623
66	2548
1832	1295
579	2601
670	1847
2078	244
2078	1738
1810	1146
2382	2378
1832	1049
336	1520
1157	2539
609	1821
336	203
609	1824
579	1630
2904	2373
2238	2636
762	1196
579	1970
2462	2484
2687	590
1366	1987
1684	2460
1514	1736
2904	705
2482	1689
899	232
2462	1146
1832	1413
1684	2916
848	2196
2072	2886
387	189
66	1918
336	2713
888	2864
2516	411
968	757
906	1867
1366	2118
484	1253
336	753
724	2934
588	43
247	1298
579	2878
1729	848
835	1703
897	1344
1684	14
888	590
1437	575
906	1945
1718	1679
2921	2500
588	2125
387	791
1886	1844
968	175
2462	1182
1366	1253
2470	2383
404	1404
2382	946
906	1723
160	1621
2249	1348
1076	2794
1146	1247
278	1437
579	982
2817	2869
2516	622
1867	2310
579	2495
2865	2794
1076	2635
897	366
1117	2730
1179	581
2249	2867
1948	1948
1718	28
2397	175
1146	1398
1615	893
2791	1437
484	2219
579	2756
1684	25
897	1456
2516	1675
2219	1989
1867	2176
2078	2421
694	1090
588	1718
670	2758
1030	1510
588	1659
724	459
1437	1455
483	1497
2219	1867
1552	1058
588	1016
2865	2027
2787	2202
2648	26
138	996
579	2439
1824	1664
1076	1845
1684	1482
336	546
103	2349
579	1577
1572	1744
2295	2565
968	1805
1437	2427
1615	1253
1718	782
1066	278
590	2039
2513	42
167	435
484	1146
1437	2797
2904	368
2482	1453
167	2776
1092	1824
579	675
160	2240
579	727
2295	2051
2078	2779
2925	1049
1075	1513
2925	1472
1030	2896
2	2647
1684	1863
1146	517
2	2711
2539	488
2731	1090
848	1166
1824	1704
2787	2086
1363	860
1030	1146
336	2032
609	544
1824	2822
1824	1543
2382	904
1165	160
1572	2265
2462	1810
579	281
2734	1781
1867	1669
2470	1573
768	2532
2222	588
2295	183
1897	2736
1832	2887
2516	354
2482	1617
484	2877
2383	2561
897	2087
2177	1556
2416	165
2687	1219
1810	525
2462	2383
1076	630
1684	1176
897	959
590	2462
1437	2666
1672	1317
1684	1668
536	1611
2482	1970
2382	1567
694	2473
579	1146
2416	2222
2581	2322
2881	1949
336	2250
762	308
1179	2052
609	2726
1645	2597
1552	2566
2263	2487
1718	2589
579	2091
2739	2545
167	218
2382	84
1146	1195
1117	1777
1886	2819
579	312
2238	2091
724	1146
1684	1642
579	93
579	732
484	1366
588	1537
1511	1709
2904	453
588	1312
1030	1612
336	1743
1684	571
1366	1185
1729	2877
906	2224
2921	2708
167	225
588	908
835	547
1511	1810
336	2777
670	101
1718	1612
2687	2367
1104	1977
888	1978
1886	2436
848	1567
1916	1130
848	2160
2078	1437
2649	1735
1896	1244
848	2055
2539	2464
968	608
1092	1077
1718	1146
1299	2822
579	1308
694	1146
968	306
2222	385
2566	796
278	406
2382	951
609	848
2462	1136
2648	1810
2222	670
2222	1
1361	2321
1630	2730
2295	2295
1810	1228
2539	511
1867	45
1194	149
1645	2782
1299	2354
2462	1460
1075	2352
1117	953
336	2384
536	1797
2904	1472
2382	675
2787	470
336	1805
2382	1704
2881	1771
1684	1632
579	412
1437	411
1299	284
2739	1893
1299	2691
968	1068
1729	469
1684	2725
579	1031
2648	633
1299	268
1092	1636
588	497
762	1987
2539	2557
579	1235
1104	838
1684	1008
1684	2101
2464	1988
2222	111
1572	47
2238	2141
609	2176
1867	656
2416	1165
1179	1253
579	2270
1104	975
1030	1529
1886	2542
844	31
2563	2194
2516	1001
897	817
2516	653
670	2500
1092	429
2699	1097
484	354
579	2561
160	471
897	1085
579	2884
2739	1183
138	635
906	579
1540	846
2482	2003
387	2617
588	2905
1824	1391
848	1868
762	1128
2188	1160
1030	2176
1146	1090
1630	2555
1030	860
1832	587
835	2835
2464	1867
670	1851
1572	499
167	2303
1572	2556
536	536
588	450
2222	2576
2557	2019
1824	2448
579	2308
888	2555
336	224
1146	848
2382	1938
138	993
579	969
1630	950
579	2548
2665	1245
2904	32
2904	2045
1117	830
2500	46
848	581
2500	1593
2295	2791
1361	2484
694	319
2649	2004
670	1053
247	1688
724	2738
1361	115
2925	1295
2539	1366
387	2264
2249	2012
670	2230
2249	513
138	1015
1514	1606
1076	2488
2482	1557
588	359
579	1698
1361	1216
2194	1227
670	2704
1511	958
1366	2101
965	958
1157	1913
899	1167
670	1832
2648	1114
138	2752
2078	2238
138	164
1718	2896
2482	1586
1735	1957
2231	1607
2462	42
536	1183
1824	612
1630	1364
2648	1124
588	2483
2482	1429
66	2525
2687	1763
1418	1612
609	1863
2649	1409
835	248
387	400
1361	1541
579	2031
2681	1011
2904	1144
278	1612
1366	1014
579	2306
1104	1146
2382	1421
2482	862
888	2548
2249	2255
1437	2146
1718	1646
906	1669
1200	805
579	2412
899	2878
1076	2777
160	1472
1729	2249
2382	2826
2482	2760
762	1503
694	474
167	1817
579	253
484	2375
588	1993
2397	2345
2238	1407
1437	2308
2500	1106
968	1646
2078	694
1824	1805
2917	1886
579	2025
1684	485
897	639
2249	14
2249	90
906	99
1165	191
579	1195
2787	1857
2881	2696
579	1426
1366	2768
2177	2373
2072	770
588	1476
1729	2911
579	2534
2734	434
2865	28
1437	2100
1104	691
1361	1735
1299	1133
1684	912
1366	2299
2787	854
1511	1100
2925	1245
2078	2926
2382	941
278	1573
2581	1434
1867	431
2787	1207
2687	2299
897	2851
579	2661
278	2896
906	1237
2249	1644
703	1000
247	1131
888	214
2194	1794
1824	483
336	1398
2845	457
1076	2648
2470	1155
588	2435
579	2299
2470	1259
2557	440
1076	1143
1684	2340
2382	781
387	1174
1729	1398
1299	2264
579	204
1862	1615
1117	1213
1299	1769
1615	659
906	45
160	1701
160	2904
2648	2230
848	175
968	2828
2188	1436
2500	20
167	480
2817	1850
2462	459
579	2122
1104	2144
1363	1614
336	10
2687	1893
906	691
2516	579
768	834
2249	8
319	2699
694	2546
167	1758
2648	958
888	2292
2249	2813
694	33
965	755
2249	824
2925	1928
1104	865
1867	357
2078	724
1146	1402
387	1126
724	402
2416	1355
1948	2586
590	1432
1324	803
1437	1751
1117	2890
2416	1572
1916	47
588	243
2904	471
336	932
2687	1990
160	1006
2721	2083
1630	552
670	169
1092	1567
2699	1751
1886	2599
835	2375
2734	1122
377	670
588	2355
2078	1165
1630	194
694	2923
2699	1030
2470	1896
2699	2881
703	2049
256	1974
835	2731
1366	42
2231	127
2397	980
2500	1199
1824	2777
336	2768
1366	431
1437	571
2925	2366
2072	2902
579	591
2238	1146
1299	2084
835	1112
1366	914
897	2710
2382	2448
247	2271
888	2634
897	2197
336	5
1718	2719
1867	1010
1729	1253
2432	2643
2078	1784
2649	2633
968	2723
336	1883
1575	1575
2078	1555
906	744
2513	1608
278	1095
588	861
2482	2114
336	600
899	1896
1165	405
1218	1921
2382	2324
1572	515
2791	1705
484	2817
1299	2853
2078	684
579	2858
670	975
1684	2447
66	2817
835	179
2219	1031
2382	1543
1146	2308
1630	2039
2482	1732
1165	1940
1299	2604
670	2340
1418	1418
1615	2527
2734	2238
768	2091
609	1294
968	221
1810	518
906	1785
2464	1104
1437	153
2921	2921
1684	609
547	1366
336	783
2539	1006
138	421
1540	408
1361	500
247	2297
1645	407
1684	1512
579	838
2904	352
2382	2096
2687	1254
1718	1745
2539	490
1146	2470
1181	1989
906	425
2066	175
278	1676
579	645
919	2120
2648	644
1832	9
2482	572
2739	2640
588	1924
1630	129
609	1030
588	722
247	1715
1645	388
579	2033
1076	554
1718	815
1572	1629
2382	189
2194	1896
1511	2472
2648	634
2881	1447
2904	857
2078	1858
1718	243
484	2041
2925	773
906	267
1076	155
1437	787
2462	1127
1824	2608
167	1613
138	2561
2648	1824
906	469
2500	2570
1511	110
483	1902
1824	2718
670	972
2238	2734
1780	429
1810	2693
579	1855
848	2290
2767	2767
336	741
965	1697
2219	2726
1299	1650
2416	380
579	837
387	133
1179	151
387	1083
1437	1476
2466	2263
336	1965
906	2442
336	163
1418	588
336	2704
296	1974
1718	607
138	1080
278	1030
2078	2612
579	933
1718	1581
2382	2130
2382	1474
906	1440
2865	2181
2238	42
1200	1253
1867	1611
588	1534
2482	2790
2482	2727
1615	1615
1684	1038
1366	511
579	1008
2416	2192
2739	1932
247	2784
1824	5
2194	2339
2295	378
2686	1597
336	403
588	1226
256	2614
1684	1882
768	125
2739	1665
2921	427
2482	2157
579	2228
899	1848
579	2353
2925	1968
1146	2219
1299	1558
247	1316
2665	2630
609	2295
2222	2904
588	2309
1366	1347
2904	2426
1729	31
2921	2030
2470	393
579	2420
1437	1338
1867	40
1030	2214
762	2468
2382	753
536	2786
2078	1495
1299	2794
906	2590
2482	647
2648	1353
1718	478
160	1676
2566	1634
2222	444
1948	1480
897	332
588	463
1729	1455
2734	238
588	347
1179	2794
888	753
1511	1705
906	2519
2648	2268
336	1166
579	803
2383	1896
1361	2158
138	12
579	139
2238	2749
897	2005
1104	1191
1572	2136
2648	1166
2295	2107
2263	2268
1366	205
1718	871
2787	47
588	1416
1867	327
2416	2147
536	2849
484	1437
2222	705
579	52
1150	1792
1437	980
1511	385
336	266
2865	2222
1030	1437
2482	1837
1672	323
1729	952
2482	1797
2295	2408
1684	2372
2539	1401
670	2555
336	2718
1066	1030
2382	2843
1030	2610
1615	299
1361	346
1948	1999
387	14
247	1383
2295	1664
2462	287
1030	1859
336	2664
1165	853
1684	243
1146	1166
848	609
2687	579
295	292
2382	364
1165	2721
1824	2295
1824	1567
1130	2861
387	1206
66	1324
2238	1117
247	2437
336	151
2249	1362
2470	562
1117	1240
1718	2417
387	1100
670	1817
906	1081
2249	2841
2721	1690
590	2044
1076	1391
1146	2141
1948	1874
968	341
609	1360
579	425
1672	467
2904	1655
1179	1179
694	85
2466	2500
1824	2550
1437	2726
888	1893
1361	1974
2699	1095
2686	897
2557	2743
2516	292
2382	1390
1718	2539
588	1403
103	588
2382	1092
2500	2023
579	2085
906	1332
906	1748
906	2371
1146	1867
2500	658
579	57
888	1959
1437	24
2734	1290
1630	22
2222	211
2249	800
2231	1795
1824	912
2482	2549
1146	1437
2881	2222
2078	1191
1718	175
579	1213
336	726
336	431
579	1408
2249	351
1948	2147
1076	1477
2482	323
1729	2076
724	354
2581	2175
387	1284
1361	2256
1645	2384
2649	1551
1092	1210
1130	2721
262	2183
2482	2935
2482	708
2881	732
2739	2092
2500	1096
968	1974
387	2407
694	2883
2482	397
2644	2798
768	1706
336	845
968	1799
2500	1013
588	1554
2881	1469
1179	1870
2078	2839
484	2470
899	1127
2482	8
2295	767
2500	1794
888	2367
1672	2554
2382	1375
1146	492
2194	2570
1824	1065
336	718
278	2176
1572	2147
2470	947
579	2407
670	1117
2539	2009
336	398
1630	379
1179	243
387	1950
1418	1186
1092	2691
1437	525
2699	1890
1030	132
2249	708
1076	1092
1299	1677
2516	655
2295	654
1299	307
167	1023
888	1044
1076	2170
835	2755
404	1618
247	2517
2649	1864
1366	1228
247	1800
906	685
2072	2088
2557	481
336	1811
2904	216
609	1834
694	2308
1299	1474
1146	303
484	2312
2382	1077
762	1146
1165	1172
1361	1039
588	2276
2686	2012
167	1856
1437	381
2249	590
2222	587
897	2356
1179	2697
138	2149
588	2132
2516	2219
2188	407
609	2791
1630	2519
1165	2089
588	2064
1824	1602
1916	2089
2681	222
1810	965
66	509
2482	89
1824	224
768	1475
1366	2509
2482	646
2066	1146
670	562
848	2822
2188	1672
1437	1605
336	1709
724	1759
2925	2881
1437	425
588	2693
1867	1848
897	2911
1361	903
2238	1606
888	675
1630	675
2219	2464
1104	990
1824	2526
1299	387
2249	2377
1030	968
1437	544
1146	292
1076	1664
138	856
590	2824
1299	1520
2382	2571
1718	496
899	2400
2539	2565
1737	292
1886	2074
336	372
2687	1198
1810	2888
906	2464
1630	358
336	1362
2382	2565
1179	609
1437	2845
1030	1799
590	2655
609	1076
670	392
2649	2582
1437	1730
2557	748
2648	1359
919	1735
888	725
1437	79
1150	490
2516	1090
2078	1805
897	775
588	874
1437	811
968	2462
2482	1491
1104	684
1366	379
2648	1705
1363	2699
609	496
167	2594
2791	1402
2687	1017
167	2063
579	116
1511	379
1030	2531
2482	1793
2904	1293
536	1107
2904	2112
579	2923
2382	872
1630	2593
2464	1890
2731	1274
588	2312
336	813
2382	1504
278	1890
1218	837
919	1799
579	873
2687	2572
2500	503
588	1315
2295	1707
2078	1647
344	414
1361	279
1575	387
2295	780
609	1937
2516	650
703	2061
547	1814
609	2340
579	311
1824	2133
138	1214
888	616
968	1924
1858	2308
968	1390
2500	66
1896	2701
138	1435
1615	763
2482	293
2078	1378
848	2486
1146	2466
1299	336
579	122
2263	1264
768	2238
2482	2077
579	752
1299	1362
387	1390
768	1117
609	809
2482	2359
1030	909
2383	899
2295	609
2904	1471
2238	1780
1299	1493
1437	1253
2881	405
1179	1477
1630	2075
2516	2345
1437	906
694	2010
1366	2658
2382	1533
2581	1433
167	1468
1684	1242
1718	1342
336	147
160	453
579	1334
588	1747
772	1483
484	2477
387	1941
965	1591
1076	120
2078	215
1179	175
278	1395
1916	2528
2581	864
906	380
1832	1446
579	1370
670	1325
897	2666
2865	1524
1390	2888
511	1146
336	243
1514	2141
2382	1616
1824	10
2482	1141
387	363
2482	1699
2648	1107
2516	2249
888	1634
2383	1451
2513	1150
2516	2477
579	172
1366	1432
906	1503
387	451
2516	2670
2649	390
694	1465
2557	2768
1615	2897
1824	1584
2382	5
278	1990
1418	474
1092	2250
2466	1640
2382	612
1645	494
2238	1193
1684	1907
138	2075
336	895
762	1431
588	320
2731	835
1810	1166
2482	214
2011	2699
670	1302
2432	415
609	588
2648	671
2665	1283
138	1748
609	1664
2699	445
2382	600
2648	1709
2464	1366
2699	2174
1511	243
247	2789
2500	1028
579	439
1437	650
336	274
2078	2924
1179	1887
968	2470
2194	1983
377	2462
1165	2373
1824	581
1886	880
1916	2925
1514	1892
579	1781
2	2598
2391	598
579	1184
1361	467
66	394
579	134
1076	1015
588	246
336	2264
2382	2611
579	616
387	2267
2416	1930
703	1739
2482	96
899	1411
2482	1724
1366	916
2078	656
2464	1437
2263	1640
336	2016
1511	1565
1718	1054
2482	1683
1361	1340
1896	2462
2791	1676
2865	1241
247	604
2194	256
1867	1146
167	2272
336	528
66	1220
262	114
167	2831
579	686
588	1437
2482	23
2470	1264
2295	36
404	1769
247	823
2078	1046
1299	274
906	2159
1076	2565
387	1525
2557	2092
2731	1343
762	2578
1684	1335
1324	935
262	1064
906	1455
2194	1127
1104	665
888	2374
1104	479
336	1822
703	766
906	304
256	117
2249	1847
121	2438
579	2877
1361	1123
2516	1810
1418	425
2482	645
1092	243
579	1152
1299	2890
1366	490
1729	724
278	2707
336	2611
1572	2318
670	2222
1092	1444
1030	2451
906	153
1179	2251
588	2340
968	867
2416	2089
1030	2726
906	1758
2739	298
1886	590
2482	679
1104	2923
1299	287
1729	2319
1718	1253
167	1074
2648	2648
2791	1166
484	2064
897	1183
694	2862
1076	612
2219	1146
103	2462
1092	2304
2462	1264
2539	1179
2382	1805
1030	825
2462	103
2295	664
968	382
848	1705
2383	379
2382	1870
138	837
2238	357
2904	2272
897	575
2482	1268
336	2691
579	1253
1630	1635
2791	1573
906	2631
1361	2459
2482	210
1630	2738
167	2169
2648	721
336	1077
1896	1017
1092	1126
2078	2798
387	644
2665	2222
2513	724
906	701
2500	1640
579	2176
2881	674
906	870
2177	1832
2482	1935
1867	1476
1030	1676
167	2904
1824	2930
888	933
2249	1264
2539	1590
336	1911
1092	2818
2382	2806
1146	2268
703	894
1684	1884
579	2766
2687	2001
2739	1364
2416	1469
588	1384
336	1243
1540	2177
1437	1203
2222	499
344	2791
1437	366
336	549
579	1683
1104	308
1916	1832
579	1097
1104	474
1684	307
1684	980
2513	2508
2648	769
588	1396
1092	1290
906	1454
2382	1340
897	2770
1832	1534
167	178
579	2646
2072	328
2263	1146
670	1545
1299	1975
2078	1146
138	1028
2078	91
1552	351
326	82
1437	2218
1324	511
2482	547
670	587
2177	2222
1076	483
2904	260
579	1588
579	2044
484	511
609	2865
1366	2249
1117	1669
1810	2462
336	595
1645	1590
1299	2713
1552	1788
1299	2288
2500	888
2904	353
167	1917
2516	599
336	1391
1684	2733
768	1366
1437	490
906	197
2787	1082
66	2757
579	876
2382	2264
2382	243
1437	2340
1948	2881
1366	2154
262	2343
1718	2355
1630	2548
965	1026
579	2298
1437	640
2462	2391
2222	2325
2516	1664
2078	2040
2382	1882
588	329
1076	1335
588	1119
344	124
588	561
1366	1819
1076	1975
2516	2378
2078	818
2904	119
2222	132
2462	224
1684	669
536	2666
1092	2567
387	1868
2238	65
703	2142
2382	1786
1630	2330
1718	2156
2904	535
2382	2358
1867	906
579	491
2482	2878
579	1749
590	1814
588	575
1886	949
1729	2470
703	321
2482	736
588	2812
1718	59
1437	162
2482	2453
336	1415
2382	203
2904	1381
2482	2395
167	1832
968	1993
2482	1509
579	1108
336	2130
1366	1467
2249	238
1630	547
2516	1393
2539	1228
2539	914
588	1804
2917	1264
2665	705
2904	2021
2382	1769
336	1868
1437	292
1718	1747
2904	2904
2249	2817
2464	728
1718	568
1718	1506
2188	1830
1366	1751
256	1110
2500	833
2500	1780
2416	2887
336	2890
609	2759
1092	1143
2648	1831
588	401
336	2519
579	1598
742	1460
588	588
708	483
2078	2015
2078	505
2539	2141
579	1118
579	2511
1948	2665
103	1810
1366	2159
588	770
670	675
906	2214
899	2657
1117	1217
2731	2375
167	9
2787	2628
2739	532
590	373
2687	1188
724	2888
2648	735
906	2216
848	1568
1165	216
1146	235
588	1820
336	1882
1729	2333
2416	2286
2382	2207
2904	1817
1299	1762
888	2799
2078	2884
536	2490
2516	366
1896	1362
1810	958
2557	937
1146	432
2072	2874
1076	1567
1615	2064
1104	1870
897	1755
590	748
1104	2174
2382	737
1572	1161
1179	2250
1076	654
1366	469
588	235
897	140
2581	1175
1729	1393
1718	672
579	2507
1684	2617
2482	1150
2513	2211
1146	429
609	968
1299	1965
2881	1356
2222	167
2881	53
1181	31
1437	579
1684	366
160	27
1076	185
336	1511
336	570
2383	1793
703	2138
2295	2455
579	1058
2648	1691
278	2011
1684	2736
579	2314
1948	1146
336	1176
336	1777
2222	233
2881	380
579	1700
2078	534
1630	12
1780	1867
2516	1437
66	718
1390	1017
1366	1366
579	215
1179	2617
2295	2341
579	2001
579	1828
1117	2637
167	324
609	151
2416	2480
1299	302
1299	2032
1299	546
2482	2212
1361	1033
2563	2734
1117	1893
1824	2317
1718	561
2416	1908
1916	2110
247	1486
2078	2838
2482	2249
2222	2887
336	130
888	1689
1030	33
2787	2449
2539	2296
906	849
670	2194
1847	2238
670	2648
167	2536
588	2146
1718	417
2925	9
579	1815
2904	2127
590	46
2249	2596
1030	848
1718	2885
906	1052
1540	2863
2904	1527
2416	30
2648	1479
1824	1705
588	782
2295	1427
2648	1818
588	1535
2433	2541
588	2794
579	615
2500	2548
2066	307
2462	1754
2500	793
336	302
609	1619
1824	848
1104	813
536	2785
2078	18
1030	2498
579	1255
2516	2022
2222	620
2078	2104
1146	849
2739	1578
262	1939
336	2117
1437	1819
1630	2935
1630	2915
1824	2691
138	2193
588	1021
579	2752
2787	1024
2648	1284
66	2048
1179	2384
1366	695
2462	1844
1092	1121
2382	1309
2382	1322
590	394
2382	213
1299	2307
2382	1464
167	1992
968	609
670	2351
2904	9
2739	293
1366	2693
1684	1210
588	1366
2648	2095
968	2176
1165	1832
588	1548
1076	1018
1684	595
2470	501
1366	407
2648	1511
1146	1148
579	2387
2917	2404
1366	1515
579	2129
2470	1182
2787	2205
888	2090
2563	670
1418	2531
2721	1049
2482	1838
1092	1347
2581	268
1615	1518
2482	2702
1361	1253
888	917
1684	720
247	1254
1824	1788
2238	1331
167	97
888	2899
1076	2324
2382	224
1511	2497
1104	2601
1948	1572
1437	684
2222	112
1390	2382
579	1362
1718	235
1437	362
2925	2887
1810	361
295	31
1832	1832
906	2875
387	1705
897	2076
2644	1667
1437	1818
2383	2470
579	1432
2699	85
1390	1322
968	2440
2382	2822
2382	301
2482	711
1672	1574
1117	2238
906	2518
2539	331
2222	986
1948	515
835	180
66	971
2687	1669
906	1687
579	349
2687	1598
2072	1799
2416	2925
1363	2600
2382	2179
2648	670
1299	2768
2222	334
2904	167
772	1998
2881	79
1076	341
1076	1822
1684	1221
588	1423
2462	377
1987	357
2078	1203
484	2012
888	298
1218	996
1824	177
2382	626
670	1295
579	1411
2222	283
579	899
2921	1182
2194	2470
2787	37
1076	644
2787	2626
2295	1843
579	1662
835	2632
2078	292
2078	2078
336	2368
2011	1437
1645	1225
2482	1280
1630	2561
899	2392
1896	2705
336	1525
2482	879
387	1935
2249	2299
590	66
1030	838
1630	616
1076	2448
2482	1854
2382	320
2699	1366
906	2308
1916	408
2787	1212
579	2621
1146	1104
670	2665
670	1199
1824	189
670	9
66	1640
579	293
1886	1451
336	1163
2904	808
387	1831
1104	91
899	2470
1645	456
2231	1892
2222	2230
1630	2891
1684	1132
2249	2466
588	814
2238	849
579	886
1645	1263
2382	849
1886	1017
278	433
387	1280
906	512
1165	2904
2078	2141
66	2760
1718	1906
247	265
1179	2448
2731	2743
2397	561
2249	2934
588	1363
2470	2012
968	1221
336	514
1572	334
588	706
1572	2135
2539	524
1200	945
1630	2292
295	2251
1117	298
590	745
1437	354
1117	1126
1916	1472
1572	1723
1437	1805
724	2910
2482	1606
579	163
1718	2601
897	1437
2881	931
2382	1923
579	703
1030	882
2194	1244
167	160
1157	1641
2482	348
1718	914
2516	2725
2462	2899
2787	1489
2648	1458
2382	310
2813	68
590	2899
1684	2796
2516	2911
2462	1896
1729	1765
336	1602
2382	609
2516	449
387	185
1299	1544
2787	883
2699	1454
1832	2721
336	2261
579	2456
2382	1967
1165	87
1916	527
1847	1348
1075	2503
1511	133
724	1362
2649	2116
2665	380
906	2333
160	1305
1361	1444
167	2112
1718	735
579	2640
2881	1549
1948	2136
703	276
579	888
1552	836
1146	309
2739	1117
1165	380
1572	1363
1363	406
336	768
2482	1205
670	1566
2464	1146
588	1481
278	1097
2249	1780
2222	333
897	1380
336	62
2249	1552
2904	1388
2078	1347
167	352
1948	2318
2721	921
336	2305
1146	1903
387	508
835	1810
762	1070
1511	1813
1437	2509
609	1470
848	612
336	903
1824	1720
2222	1156
2078	2246
1092	2900
1179	1684
1615	407
247	696
768	1407
387	1309
2238	1348
1299	1898
588	502
899	2151
2881	2389
1615	1345
2078	55
1299	2611
2557	1253
2470	2484
1390	1511
336	2332
1684	1252
2222	2240
2787	2814
1361	2209
2295	407
103	1859
2382	2564
2699	2464
1987	2054
138	2042
1418	2774
1867	2378
694	906
160	2881
2432	16
247	657
2516	2540
247	1995
1146	579
2078	691
387	1079
1366	1008
2382	2609
1092	1259
1867	936
1511	483
2865	294
1366	1773
2904	1
579	1699
888	2311
906	649
2648	1012
2648	1589
1146	724
336	533
2295	1894
1146	2856
968	848
2482	2423
1867	1251
1886	2145
387	243
2482	2413
1437	1146
262	2279
2072	1033
138	1013
1684	2923
336	91
2904	1300
1511	20
1104	624
588	2579
1076	2617
138	2195
1718	1628
336	2207
2904	2831
1366	459
579	1484
336	1078
2649	919
1194	1414
2194	1630
2382	553
2462	1893
1897	551
888	726
484	1810
1511	1352
2194	2108
484	1090
579	1893
2739	725
2516	734
2078	990
835	1385
1076	2832
2925	2373
670	2089
1684	2541
1146	1893
1361	1862
919	1253
1572	1857
1630	2685
2557	579
1299	1777
1366	85
579	143
2904	1760
588	1030
2904	2211
703	1722
1076	110
1076	369
1361	1623
588	1054
247	1692
2078	297
1684	1868
336	2564
1540	2373
2649	2654
2925	1446
2904	1023
2482	519
2078	2728
1948	1723
1181	179
167	2814
1076	2027
588	2587
1363	541
579	990
1824	62
1810	1661
579	890
1076	1121
579	1314
2904	4
1718	1016
670	2755
2222	1881
2078	1819
588	521
2295	2722
2382	2900
2648	2713
2482	2095
835	1362
2648	1653
1165	1178
2648	1559
262	270
1684	1543
2687	733
906	1714
2482	1746
2681	1774
1076	514
1076	2669
484	524
1810	1591
2249	858
336	2637
387	539
2739	1116
1361	602
2238	18
670	1944
848	2794
1645	2007
1735	1200
579	429
1361	2072
2904	1399
336	270
2881	2323
2904	1621
588	845
2904	315
1363	580
2683	2903
590	2331
579	807
2078	2823
296	2783
2482	1346
138	526
1117	2374
1117	2850
579	451
1418	2845
1299	2382
1735	1322
2072	2523
1768	819
2787	2097
2516	2076
2462	2012
2295	2635
579	394
1615	682
138	1593
968	1676
1146	2731
919	2020
2482	724
1366	2268
296	1027
2563	2704
1896	1264
609	2565
2482	1177
2881	486
1511	783
588	2470
2416	1723
1366	1326
336	2008
694	289
1810	1366
1718	2057
1361	475
579	2162
1867	1764
2078	2060
2470	2299
835	1343
1179	941
2482	1560
167	611
897	2056
2078	1829
1366	2319
1630	1766
1130	1165
2078	2735
1684	525
1092	1788
579	2034
1718	964
906	245
1363	1577
2462	2824
2513	2513
1076	2592
1684	2213
1824	1511
2648	1470
2539	2572
2222	2401
1514	1354
899	1075
588	2350
2881	1807
2500	2618
1437	25
1146	2462
2295	469
1684	5
1645	2706
2791	2251
2382	749
2383	1340
2470	1127
2921	2462
167	1368
1718	2109
2739	1279
1511	2221
588	2929
2644	762
247	851
387	1709
1684	1312
579	2500
2482	48
2462	2090
2699	728
2482	1514
1511	1546
1684	2384
1437	331
2416	2131
2238	1836
2382	2857
2482	2257
2249	983
848	469
1810	454
1366	354
2500	2685
2078	2014
2382	1498
2500	562
588	1506
2513	288
1299	1567
2904	555
1630	2140
1390	2321
2865	740
1867	1219
1645	159
1630	590
906	2176
483	1170
66	1248
1630	2500
2382	154
579	446
1824	1078
2500	2529
1684	1615
965	2558
2708	1928
588	815
2787	2846
2787	2285
1684	1602
906	778
1179	844
1824	341
1684	764
103	2917
2482	1766
2881	461
2382	2691
965	2648
1165	322
968	1727
694	2017
1824	185
138	2878
1104	2464
2078	1278
2078	166
1075	249
1832	1130
1076	2290
387	1497
336	675
1810	1424
2649	1873
906	445
1299	310
670	1210
2687	1683
2078	1072
1146	2092
1179	1570
1718	557
336	2133
1948	2222
968	151
1630	1538
1684	1923
2238	429
1615	1799
2925	1540
387	1724
1366	1810
579	2062
2295	2822
1299	243
588	2204
670	192
965	1658
2739	2329
588	795
336	268
1684	554
968	2064
2078	1061
66	1287
262	589
1437	1742
1552	1545
1824	2130
906	1232
1361	2781
1361	234
336	688
167	368
160	2045
1645	2856
2791	1030
2462	1912
160	1245
968	2896
1179	1786
2581	2591
906	1120
2462	670
262	2065
103	1136
588	1761
1916	2416
2482	423
66	2511
2482	1705
2739	78
1511	2803
2539	2068
1165	1744
2249	2482
292	2141
2382	2474
1735	938
897	2882
1824	151
2482	1497
2791	848
2482	90
2249	2404
2177	1881
588	263
2416	1276
579	2717
1146	835
2881	2623
2482	1374
1824	1477
1361	919
670	618
1117	2025
344	1360
1896	899
2865	2889
888	1717
2482	64
483	632
968	1735
2557	1558
1615	1551
2649	2081
1437	673
1437	1976
2177	1501
670	924
579	1096
1684	2108
262	1891
968	2601
2787	700
1117	338
590	1712
2482	1058
121	1345
2177	750
609	95
336	924
2925	831
897	2642
2904	178
336	1584
1824	2117
588	2452
1299	2038
579	2079
1867	153
336	442
588	286
2817	1146
2739	2898
1684	73
670	1599
899	1004
278	2865
768	1847
588	2877
579	785
1130	1049
387	1762
1645	1134
835	256
336	1474
1615	121
968	588
1117	2522
1824	1824
888	1844
2382	1568
579	1717
483	1870
609	2519
579	2855
888	979
2382	1711
295	2565
2881	2881
968	1030
579	599
1030	2011
2482	339
336	71
1418	469
2482	1377
1366	429
2500	187
670	743
2516	2364
906	911
2649	407
2739	2141
1366	694
2482	410
1832	1165
1572	559
1630	2625
968	882
888	935
1684	1143
2687	2807
167	1621
387	341
2222	1626
1076	1863
2648	965
588	360
278	860
835	952
2382	699
2382	62
2482	865
1718	652
2787	1521
579	2367
588	160
2462	1147
1437	2866
336	1657
2295	1953
167	1295
1824	2402
1299	1025
1418	1899
2249	2767
2557	2001
670	2756
2416	973
2904	1869
579	1234
1514	81
2078	1547
2644	1703
579	1693
2500	2466
1030	1594
2078	2718
138	741
1200	2641
772	1768
2917	1146
906	2845
2881	250
2177	2887
1361	376
2482	227
2681	2525
1511	369
336	1650
835	1920
2787	2454
1645	1473
2500	2500
2078	2118
579	2703
848	1143
588	1676
2066	2794
1615	2504
167	2925
703	2621
1684	2382
2382	999
1348	2542
1104	1933
1684	1991
66	2119
579	198
579	2720
2078	510
1299	1709
588	2601
1684	2007
1030	521
2739	2588
2295	912
2739	743
2263	2500
1104	375
103	1342
2382	1966
66	2595
1437	623
2382	813
2470	670
2078	436
2845	2917
336	340
1076	2822
2731	1402
484	1347
1104	2312
897	2828
1867	1740
1146	2070
888	532
1729	2268
2383	1043
2194	1640
1299	951
2238	1264
906	533
1867	1398
2500	2244
336	987
2500	829
2482	2602
1824	2538
2078	621
2470	1974
579	830
897	832
1729	381
1824	44
336	1824
588	683
579	85
138	1058
2925	1130
336	1705
2482	2928
1146	1612
1886	978
336	1898
1824	2635
2078	536
588	2914
1896	2194
2557	1973
1615	789
1361	296
2383	2462
1437	655
2482	1986
1591	264
1299	914
336	2443
336	314
670	620
2177	1245
1179	1444
579	939
968	919
762	2370
588	261
968	936
579	2415
1437	1393
1299	903
2648	2493
579	2411
1810	1026
588	1936
2482	2657
579	420
670	686
336	1487
1684	640
2648	2550
336	1716
2482	2747
1361	1769
968	905
262	2137
1366	768
387	2221
167	700
579	2546
1684	2533
1735	1436
906	608
2482	1334
1886	2012
579	2529
1684	2207
2925	1379
2382	2120
579	2657
1366	1439
66	2153
256	458
897	1138
1718	2345
703	2348
1948	186
1146	2249
1718	2574
579	421
2	2499
2881	1341
1299	2130
906	2180
848	1437
609	609
1897	105
897	381
336	1309
579	726
724	2470
1630	888
579	257
2904	739
2295	860
1896	224
138	312
2194	510
2249	459
336	2561
1092	5
66	2864
1076	798
906	67
2516	1958
2078	2436
1735	1615
919	1830
1092	2617
1076	1038
897	571
762	2735
66	66
609	612
1511	595
1867	754
1363	1042
2078	2519
336	483
1684	1273
1324	1432
2482	1669
579	298
670	2688
1117	391
2382	2342
762	1427
484	2268
1030	1373
2466	2186
1437	2011
336	1969
1684	109
1540	2112
1076	1779
66	590
2072	1708
1810	183
247	2815
1361	2567
1324	1445
1832	1916
2222	380
2648	2681
579	1814
1117	1348
724	2311
1030	1253
66	1117
2078	775
1718	1799
2194	670
1146	1890
2464	425
2482	2424
835	473
2078	593
1218	1013
247	2241
2539	1737
2648	1591
1615	1033
2222	2495
1735	2158
1824	290
2648	1034
2238	1366
2787	1846
336	867
1824	1975
609	2822
2557	1960
2734	1892
579	2619
387	766
1299	941
278	478
1299	196
2904	2303
1867	1104
1437	215
1075	550
336	1544
670	1621
2466	1140
2791	968
2295	2555
899	1264
1299	2327
1552	2395
762	762
2648	1776
588	2274
2904	523
1390	866
336	2734
2791	588
66	1319
579	1358
262	701
2482	590
2516	608
2482	1184
965	1961
2470	90
2925	1022
336	1290
1076	1868
579	84
336	2900
2078	2866
1366	2263
670	2918
2699	2908
1076	2694
1514	323
1511	1340
899	1017
1718	771
2238	1580
588	278
1684	1391
2222	1472
1824	514
579	1722
336	506
1916	2067
2500	2075
387	958
694	235
2078	1741
1684	2046
1684	1164
138	2359
2194	562
2513	2934
2917	2194
483	379
2482	2659
2516	1402
1146	2817
1092	2931
2482	220
2078	878
1437	2877
1684	2410
897	54
1867	1495
484	2141
167	1165
2648	2892
484	292
2462	1286
579	828
160	2127
483	1813
579	2287
103	1017
670	245
1361	2649
579	963
1729	2378
1075	1125
2563	924
2249	1155
2078	2024
336	2544
2078	1764
2078	2362
2222	2390
1867	2469
2482	506
670	2366
888	1459
2787	277
292	2856
1437	599
1824	6
1104	2101
2295	1455
670	17
1299	2648
588	1927
1092	189
2482	1895
2516	1264
1886	2470
2295	623
670	69
2470	377
579	1244
2222	2018
2222	160
2904	50
703	2778
2516	980
138	1725
336	2143
762	1639
1684	2669
2539	834
1824	429
2791	612
2699	2345
2072	1036
2516	1306
1824	1366
1514	2482
1867	2238
1630	2529
2787	1528
762	1046
1104	1173
2563	1264
2078	2144
579	2159
579	1167
1684	2165
2865	2295
2648	1180
579	1669
588	1963
1030	827
2072	2337
2382	1696
2566	1867
1511	2772
2516	2535
588	496
66	889
1030	1320
1075	186
2382	1584
2462	835
2397	1476
579	1858
1729	195
2739	102
579	1405
579	1065
1150	168
1299	1720
1684	1291
1511	387
897	31
1104	905
579	2331
1645	2795
336	2415
66	2871
703	1666
2787	229
835	1726
66	1606
1729	1495
2731	2294
1630	2111
1299	1166
278	1363
2687	821
2482	1789
2881	2351
1046	2078
609	1573
1179	848
579	617
2687	1749
579	533
138	2764
2482	504
2904	1701
2648	891
2078	207
579	2792
835	2294
2078	335
2222	60
1729	2022
588	609
609	25
588	2837
1366	2066
968	1927
336	1233
588	1810
906	2278
2222	2293
1200	2080
2295	1086
579	619
579	1091
835	597
2791	544
2222	2925
2539	1157
588	1680
336	612
138	2525
1076	1511
579	413
2072	407
2539	2322
2177	1165
1630	1893
2383	683
1179	1975
579	2124
2072	1645
1117	2595
835	2502
1645	2344
1179	2295
579	1321
2382	761
1897	57
387	483
579	1292
1630	2899
2295	2160
1824	2853
579	1199
1030	1573
1299	932
2731	256
670	1520
336	2152
2222	2881
694	2516
588	132
1718	827
2072	1974
387	314
579	660
1299	1299
336	40
906	223
2787	799
1552	1935
404	1216
2904	1980
1361	1957
609	414
336	2324
1684	483
2787	750
1104	2865
484	331
2516	2013
138	1563
579	181
579	2268
2787	2413
1361	1200
2649	520
2500	924
1630	2361
2516	1697
2078	1020
1299	1201
2904	2747
579	1224
835	498
2687	2062
1630	158
2222	750
1824	546
1179	295
670	846
336	1842
336	615
2904	2537
1437	2345
2539	31
579	1425
2194	2023
278	815
1181	1401
1591	965
336	1704
2078	872
1684	2794
138	1640
1810	1859
292	2572
588	608
387	2888
968	2564
609	1210
2382	2651
579	1851
1509	513
2249	1509
2687	962
483	224
160	352
336	1347
2078	1986
1684	2355
1165	1875
1363	1113
609	1143
1810	2218
2222	1752
579	383
292	1253
2466	2268
2066	1076
1165	2887
2904	596
2222	1272
1847	2859
2222	1744
1299	2384
484	1402
1361	944
1511	1812
160	1540
2500	214
2648	2541
2464	85
2648	411
2295	330
2482	113
2648	613
588	190
66	13
2648	2662
2382	447
1076	1470
2222	1534
670	489
336	2505
1824	1969
2194	1214
2731	1146
2078	1048
1075	967
1645	1508
1684	193
835	1181
694	566
2188	944
579	2715
1117	590
2904	2301
2295	1763
1030	575
1718	1507
2787	2336
2557	2879
2078	2325
906	1700
906	142
1076	1860
670	2549
2382	1684
2295	2765
2482	1083
2921	2194
1165	2177
2222	2351
694	2238
1361	2716
1824	1870
2731	2399
2462	2917
2078	1366
670	377
1867	1819
1948	1289
897	1250
2648	379
1117	2895
2500	2002
1867	879
1509	2482
2881	2147
1117	2329
1684	409
262	262
2078	1848
2078	424
1299	1868
1684	1866
2516	2516
2739	2025
2222	1302
1363	1604
1363	1030
1824	1526
588	1084
2482	2037
2649	1055
772	1271
1729	980
387	1575
762	1703
2904	1622
1146	2464
336	2418
1218	164
1076	1485
1030	795
2699	1990
1076	697
906	902
1165	1165
2462	1017
906	1437
2482	1414
2904	218
2881	1948
1299	876
1361	942
1948	2684
292	31
1299	533
536	335
336	585
2904	2925
2516	1976
1179	1805
483	2713
1165	352
167	2127
1179	292
670	1926
579	465
588	2692
2078	713
2881	160
609	630
2721	1165
1684	2266
66	1525
1630	1087
2925	1817
1361	770
2500	2555
588	2828
588	2345
588	1153
2078	1867
344	315
1867	1455
2382	1221
670	1534
2222	315
2557	2291
1218	1725
247	1449
2482	2677
2681	709
2249	2195
2500	1214
2787	717
404	1361
703	533
906	1104
160	1948
1824	1179
579	2070
2557	2044
2222	216
579	1459
2382	2368
278	1948
2648	1026
2078	1107
694	357
588	529
848	1664
1718	2707
1092	2794
2249	1280
1030	961
609	2137
2665	1572
579	430
762	2848
579	863
1104	1805
2464	1811
1076	595
1165	2366
579	2856
609	1924
1832	1968
588	1625
835	282
336	226
1630	1422
579	2369
2078	2071
2470	158
336	2002
2734	2730
579	1952
2787	2485
1437	1402
694	1156
1886	2910
2925	956
2665	2455
1092	867
2078	582
1572	1676
2177	2426
2500	1098
2470	800
2731	521
2516	425
2699	2683
160	2831
484	262
888	219
1718	2794
1684	370
2295	1156
588	1803
835	1461
336	2206
1645	720
579	1840
579	287
588	1253
906	1097
2881	2192
1684	362
2513	224
1896	2383
1684	1900
1575	1093
579	2603
292	1366
2072	1389
160	1723
579	695
1437	1659
2881	1990
138	58
2482	1947
906	85
2382	2608
1684	1684
2482	2804
2078	1171
336	1860
899	923
703	2036
2482	1155
2222	2135
2787	642
1437	1104
2739	338
703	224
1886	42
336	2313
387	1301
2482	476
1076	2521
2117	2382
2482	723
1076	546
579	688
588	612
336	1788
2382	1391
2078	2317
703	2398
762	2612
2516	1819
2482	564
336	1126
2383	1017
579	1090
1179	1824
590	1220
2516	2189
579	176
1615	938
579	1135
387	268
1832	160
1684	1798
138	52
1572	2758
906	1649
1418	433
897	456
2482	513
2563	377
1117	1592
2482	254
2078	2833
1030	815
344	2759
2500	2749
2078	1785
1615	2072
2527	1615
694	79
588	2464
2817	1192
1104	1990
1572	160
336	875
1299	163
2699	33
2500	592
2904	480
2516	153
2416	2744
906	2575
2238	1090
694	2829
579	2252
888	1918
579	2560
1684	1813
588	1805
609	1705
336	2532
1810	1390
1092	1179
2482	2870
968	2080
336	1567
2482	52
2482	1281
2382	845
1511	1015
138	317
2904	2240
1718	1839
1572	2881
906	2198
2295	1945
336	850
579	1310
1437	2596
484	1189
2500	430
609	385
2516	1180
2648	2867
2649	2102
66	2788
2482	2299
138	2555
2563	1847
1630	2391
2382	1969
2295	915
2470	2680
2817	1576
336	2258
